0 495560.744 4528505.923 1054.9 
0 495560.744 4528505.923 1051.5 
0 495560.744 4528505.923 1046.5 
0 495560.744 4528505.923 1032.3 
0 495560.744 4528505.923 1027.7 
1 495560.744 4528505.923 1025.3 
1 495560.744 4528505.923 1023.2 
1 495560.744 4528505.923 1019 
1 495560.744 4528505.923 1016 
1 495560.744 4528505.923 1012.3 
1 495560.744 4528505.923 1007 
1 495560.744 4528505.923 1004.6 
1 495560.744 4528505.923 1000.9 
1 495560.744 4528505.923 998.1 
1 495560.744 4528505.923 979.2 
0 495560.744 4528505.923 974.5 
0 495560.744 4528505.923 971.6 
0 495560.744 4528505.923 953 
0 495560.744 4528505.923 935.6 
0 495560.744 4528505.923 914.2 
0 498023.074 4528235.419 1066.5 
0 498023.074 4528235.419 1060.7 
0 498023.074 4528235.419 1058.5 
0 498023.074 4528235.419 1044.7 
0 498023.074 4528235.419 1040.5 
1 498023.074 4528235.419 1038.5 
1 498023.074 4528235.419 1035.1 
1 498023.074 4528235.419 1031.8 
1 498023.074 4528235.419 1028.3 
1 498023.074 4528235.419 1024.2 
1 498023.074 4528235.419 1020.4 
1 498023.074 4528235.419 1017.3 
1 498023.074 4528235.419 1014.9 
1 498023.074 4528235.419 1011.7 
1 498023.074 4528235.419 993.4 
0 498023.074 4528235.419 989.5 
0 498023.074 4528235.419 986.6 
0 498023.074 4528235.419 968.3 
0 498023.074 4528235.419 956 
0 498023.074 4528235.419 933.6 
0 498023.074 4528235.419 926.1 
0 500543.181 4527955.407 1077.1 
0 500543.181 4527955.407 1071.8 
0 500543.181 4527955.407 1070.5 
0 500543.181 4527955.407 1067.3 
0 500543.181 4527955.407 1064.9 
0 500543.181 4527955.407 1055.1 
0 500543.181 4527955.407 1050.2 
1 500543.181 4527955.407 1047.6 
1 500543.181 4527955.407 1046.6 
1 500543.181 4527955.407 1042.6 
1 500543.181 4527955.407 1038.9 
1 500543.181 4527955.407 1035.6 
1 500543.181 4527955.407 1029.9 
1 500543.181 4527955.407 1026.4 
1 500543.181 4527955.407 1012.1 
0 500543.181 4527955.407 1008.9 
0 500543.181 4527955.407 1006.6 
0 500543.181 4527955.407 986.3 
0 500543.181 4527955.407 976 
0 500543.181 4527955.407 948.5 
0 500543.181 4527955.407 939.8 
0 502689.94 4527227.376 1080.6 
0 502689.94 4527227.376 1079 
0 502689.94 4527227.376 1076.9 
0 502689.94 4527227.376 1073.3 
0 502689.94 4527227.376 1071.3 
0 502689.94 4527227.376 1068.9 
0 502689.94 4527227.376 1065.8 
0 502689.94 4527227.376 1061 
0 502689.94 4527227.376 1055.4 
1 502689.94 4527227.376 1053.5 
1 502689.94 4527227.376 1052.2 
1 502689.94 4527227.376 1050.9 
1 502689.94 4527227.376 1049.8 
1 502689.94 4527227.376 1047.5 
1 502689.94 4527227.376 1043.2 
1 502689.94 4527227.376 1039.8 
1 502689.94 4527227.376 1033.5 
1 502689.94 4527227.376 1028.7 
1 502689.94 4527227.376 1013 
0 502689.94 4527227.376 1010.6 
0 502689.94 4527227.376 1006.9 
0 502689.94 4527227.376 986.7 
0 502689.94 4527227.376 985.5 
0 502689.94 4527227.376 973.4 
0 502689.94 4527227.376 953.1 
0 502689.94 4527227.376 943.4 
1 498905.768 4526775.638 1062.8 
1 498905.768 4526775.638 1060.4 
1 498905.768 4526775.638 1059.3 
1 498905.768 4526775.638 1057.2 
1 498905.768 4526775.638 1053.1 
1 498905.768 4526775.638 1050.3 
1 498905.768 4526775.638 1048.2 
1 498905.768 4526775.638 1044.1 
1 498905.768 4526775.638 1040.9 
1 498905.768 4526775.638 1037.5 
1 498905.768 4526775.638 1033.2 
1 498905.768 4526775.638 1028.5 
1 498905.768 4526775.638 1026.4 
1 498905.768 4526775.638 1023.6 
1 498905.768 4526775.638 1018.2 
1 498905.768 4526775.638 1015.9 
1 498905.768 4526775.638 1013.7 
1 498905.768 4526775.638 1006.1 
1 498905.768 4526775.638 1005 
1 498905.768 4526775.638 1002.5 
1 498905.768 4526775.638 997.8 
1 498905.768 4526775.638 987.3 
0 498905.768 4526775.638 975.4 
0 498905.768 4526775.638 970.3 
0 498905.768 4526775.638 966.5 
0 498905.768 4526775.638 965.4 
0 498905.768 4526775.638 963 
0 498905.768 4526775.638 935.6 
0 498905.768 4526775.638 923.3 
1 496973.758 4524872.796 1066.5 
1 496973.758 4524872.796 1064.1 
1 496973.758 4524872.796 1061.8 
1 496973.758 4524872.796 1057.1 
1 496973.758 4524872.796 1056.1 
1 496973.758 4524872.796 1053.2 
1 496973.758 4524872.796 1051.8 
1 496973.758 4524872.796 1049.6 
1 496973.758 4524872.796 1046.8 
1 496973.758 4524872.796 1032.2 
1 496973.758 4524872.796 1031.1 
1 496973.758 4524872.796 1029.3 
1 496973.758 4524872.796 1027.8 
1 496973.758 4524872.796 1025 
1 496973.758 4524872.796 1021.1 
1 496973.758 4524872.796 1018.3 
1 496973.758 4524872.796 1006.8 
1 496973.758 4524872.796 1004.5 
1 496973.758 4524872.796 1003.3 
1 496973.758 4524872.796 985.7 
1 496973.758 4524872.796 972.9 
1 496973.758 4524872.796 968.6 
0 496973.758 4524872.796 965.2 
0 496973.758 4524872.796 931.3 
0 496973.758 4524872.796 927 
1 496017.051 4524089.638 1062.8 
1 496017.051 4524089.638 1061 
1 496017.051 4524089.638 1058.1 
1 496017.051 4524089.638 1048.3 
1 496017.051 4524089.638 1044.8 
1 496017.051 4524089.638 1041.9 
1 496017.051 4524089.638 1026.8 
1 496017.051 4524089.638 1025 
1 496017.051 4524089.638 1023.6 
1 496017.051 4524089.638 1020.3 
1 496017.051 4524089.638 1017.1 
1 496017.051 4524089.638 1015.5 
1 496017.051 4524089.638 1014.3 
1 496017.051 4524089.638 1002.2 
1 496017.051 4524089.638 976.3 
1 496017.051 4524089.638 974.5 
1 496017.051 4524089.638 969.7 
1 496017.051 4524089.638 967 
1 496017.051 4524089.638 938.6 
1 496017.051 4524089.638 923 
1 495636.774 4522512.018 1061.6 
1 495636.774 4522512.018 1059.3 
1 495636.774 4522512.018 1055.6 
1 495636.774 4522512.018 1045.1 
1 495636.774 4522512.018 1042.5 
1 495636.774 4522512.018 1039.3 
1 495636.774 4522512.018 1024 
1 495636.774 4522512.018 1021.4 
1 495636.774 4522512.018 1015.7 
1 495636.774 4522512.018 1010.3 
1 495636.774 4522512.018 1008.9 
1 495636.774 4522512.018 995.4 
1 495636.774 4522512.018 973.8 
1 495636.774 4522512.018 973 
1 495636.774 4522512.018 969.3 
1 495636.774 4522512.018 965.5 
1 495636.774 4522512.018 935.4 
1 495636.774 4522512.018 923.1 
1 500092.902 4524629.973 1071.9 
1 500092.902 4524629.973 1070.6 
1 500092.902 4524629.973 1068.9 
1 500092.902 4524629.973 1064.3 
1 500092.902 4524629.973 1060.9 
1 500092.902 4524629.973 1058.5 
1 500092.902 4524629.973 1055.3 
1 500092.902 4524629.973 1046.6 
1 500092.902 4524629.973 1044.5 
1 500092.902 4524629.973 1040.9 
1 500092.902 4524629.973 1038.7 
1 500092.902 4524629.973 1036.1 
1 500092.902 4524629.973 1032.4 
1 500092.902 4524629.973 1028.1 
1 500092.902 4524629.973 1026.8 
1 500092.902 4524629.973 1014 
1 500092.902 4524629.973 1012.7 
1 500092.902 4524629.973 1009.2 
1 500092.902 4524629.973 993.5 
0 500092.902 4524629.973 979.8 
0 500092.902 4524629.973 975.3 
0 500092.902 4524629.973 973.7 
0 500092.902 4524629.973 971 
0 500092.902 4524629.973 942.7 
0 500092.902 4524629.973 934.3 
0 504276.674 4524651.266 1094 
0 504276.674 4524651.266 1088.8 
0 504276.674 4524651.266 1085.6 
0 504276.674 4524651.266 1078.9 
0 504276.674 4524651.266 1076.4 
0 504276.674 4524651.266 1073.7 
0 504276.674 4524651.266 1070.3 
1 504276.674 4524651.266 1067.9 
1 504276.674 4524651.266 1066.7 
1 504276.674 4524651.266 1064.3 
1 504276.674 4524651.266 1060 
1 504276.674 4524651.266 1056.2 
1 504276.674 4524651.266 1053.5 
1 504276.674 4524651.266 1048.2 
1 504276.674 4524651.266 1044 
1 504276.674 4524651.266 1038.2 
1 504276.674 4524651.266 1034.5 
1 504276.674 4524651.266 1021.3 
0 504276.674 4524651.266 1013 
0 504276.674 4524651.266 1010.1 
0 504276.674 4524651.266 1009 
0 504276.674 4524651.266 999.6 
0 504276.674 4524651.266 996.3 
0 504276.674 4524651.266 973.2 
0 504276.674 4524651.266 960.4 
0 504276.674 4524651.266 955.6 
0 503884.657 4523885.9 1091.5 
0 503884.657 4523885.9 1090 
0 503884.657 4523885.9 1087.8 
0 503884.657 4523885.9 1085.4 
0 503884.657 4523885.9 1080.7 
0 503884.657 4523885.9 1075.3 
0 503884.657 4523885.9 1072.7 
0 503884.657 4523885.9 1071.2 
0 503884.657 4523885.9 1068.9 
0 503884.657 4523885.9 1066.1 
1 503884.657 4523885.9 1062.7 
1 503884.657 4523885.9 1060.8 
1 503884.657 4523885.9 1057.8 
1 503884.657 4523885.9 1053 
1 503884.657 4523885.9 1050.6 
1 503884.657 4523885.9 1047.6 
1 503884.657 4523885.9 1041.8 
1 503884.657 4523885.9 1039.3 
1 503884.657 4523885.9 1033 
1 503884.657 4523885.9 1028.7 
1 503884.657 4523885.9 1014.5 
0 503884.657 4523885.9 1004.5 
0 503884.657 4523885.9 1002.9 
0 503884.657 4523885.9 1000.6 
0 503884.657 4523885.9 993.3 
0 503884.657 4523885.9 991.4 
0 503884.657 4523885.9 990.1 
0 503884.657 4523885.9 964.8 
0 503884.657 4523885.9 953.2 
0 503884.657 4523885.9 949.8 
1 499215.312 4522470.09 1074.7 
1 499215.312 4522470.09 1072.6 
1 499215.312 4522470.09 1069.9 
1 499215.312 4522470.09 1065.2 
1 499215.312 4522470.09 1064 
1 499215.312 4522470.09 1061.7 
1 499215.312 4522470.09 1058 
1 499215.312 4522470.09 1053.6 
1 499215.312 4522470.09 1041.3 
1 499215.312 4522470.09 1038 
1 499215.312 4522470.09 1036.3 
1 499215.312 4522470.09 1034.2 
1 499215.312 4522470.09 1033.1 
1 499215.312 4522470.09 1028.3 
1 499215.312 4522470.09 1026.5 
1 499215.312 4522470.09 1024.1 
1 499215.312 4522470.09 1013.3 
1 499215.312 4522470.09 1010.9 
1 499215.312 4522470.09 994.6 
1 499215.312 4522470.09 991.8 
1 499215.312 4522470.09 989.7 
1 499215.312 4522470.09 954.1 
1 499215.312 4522470.09 940.4 
1 497700.404 4521339.833 1071.9 
1 497700.404 4521339.833 1070.4 
1 497700.404 4521339.833 1068 
1 497700.404 4521339.833 1062.9 
1 497700.404 4521339.833 1059.2 
1 497700.404 4521339.833 1053.4 
1 497700.404 4521339.833 1049.7 
1 497700.404 4521339.833 1036.5 
1 497700.404 4521339.833 1032.9 
1 497700.404 4521339.833 1031.1 
1 497700.404 4521339.833 1024.8 
1 497700.404 4521339.833 1023.4 
1 497700.404 4521339.833 1020.2 
1 497700.404 4521339.833 1008.5 
1 497700.404 4521339.833 1005.2 
1 497700.404 4521339.833 989.4 
1 497700.404 4521339.833 987.1 
1 497700.404 4521339.833 985.5 
1 497700.404 4521339.833 981.2 
1 497700.404 4521339.833 976.9 
1 497700.404 4521339.833 947.2 
1 497700.404 4521339.833 931.9 
1 503147.511 4521201.285 1087 
1 503147.511 4521201.285 1083.7 
1 503147.511 4521201.285 1079.2 
1 503147.511 4521201.285 1076.9 
1 503147.511 4521201.285 1072.3 
1 503147.511 4521201.285 1059.4 
1 503147.511 4521201.285 1055.7 
1 503147.511 4521201.285 1051.6 
1 503147.511 4521201.285 1050.3 
1 503147.511 4521201.285 1049.3 
1 503147.511 4521201.285 1046.2 
1 503147.511 4521201.285 1041 
1 503147.511 4521201.285 1038 
1 503147.511 4521201.285 1029.7 
1 503147.511 4521201.285 1025.2 
1 503147.511 4521201.285 1008.3 
1 503147.511 4521201.285 1004.3 
1 503147.511 4521201.285 1000.6 
1 503147.511 4521201.285 970.3 
1 503147.511 4521201.285 951 
1 503023.548 4522180.233 1083.9 
1 503023.548 4522180.233 1080.2 
1 503023.548 4522180.233 1075.3 
1 503023.548 4522180.233 1073.3 
1 503023.548 4522180.233 1069.4 
1 503023.548 4522180.233 1056.9 
1 503023.548 4522180.233 1053.9 
1 503023.548 4522180.233 1050.5 
1 503023.548 4522180.233 1047.7 
1 503023.548 4522180.233 1046.6 
1 503023.548 4522180.233 1043.6 
1 503023.548 4522180.233 1037.9 
1 503023.548 4522180.233 1035 
1 503023.548 4522180.233 1026.2 
1 503023.548 4522180.233 1021.4 
1 503023.548 4522180.233 1005.3 
1 503023.548 4522180.233 1001.1 
1 503023.548 4522180.233 999 
1 503023.548 4522180.233 971.7 
1 503023.548 4522180.233 948.2 
1 496205.548 4520289.788 1067.9 
1 496205.548 4520289.788 1066.7 
1 496205.548 4520289.788 1063.2 
1 496205.548 4520289.788 1058.4 
1 496205.548 4520289.788 1056.3 
1 496205.548 4520289.788 1055 
1 496205.548 4520289.788 1052.2 
1 496205.548 4520289.788 1049.9 
1 496205.548 4520289.788 1048.5 
1 496205.548 4520289.788 1047.7 
1 496205.548 4520289.788 1020.9 
1 496205.548 4520289.788 1020.3 
1 496205.548 4520289.788 1018 
1 496205.548 4520289.788 1005.4 
1 496205.548 4520289.788 986 
1 496205.548 4520289.788 982.5 
1 496205.548 4520289.788 977.1 
1 496205.548 4520289.788 971.3 
1 496205.548 4520289.788 967.6 
1 496205.548 4520289.788 939.1 
1 496205.548 4520289.788 925.5 
1 501200.553 4520040.038 1088.2 
1 501200.553 4520040.038 1085.3 
1 501200.553 4520040.038 1079.6 
1 501200.553 4520040.038 1077.1 
1 501200.553 4520040.038 1073.3 
1 501200.553 4520040.038 1059.4 
1 501200.553 4520040.038 1056.1 
1 501200.553 4520040.038 1052.5 
1 501200.553 4520040.038 1051.1 
1 501200.553 4520040.038 1047.7 
1 501200.553 4520040.038 1042.3 
1 501200.553 4520040.038 1039.1 
1 501200.553 4520040.038 1030.2 
1 501200.553 4520040.038 1026.6 
1 501200.553 4520040.038 1011.4 
1 501200.553 4520040.038 1007.6 
1 501200.553 4520040.038 1003.5 
1 501200.553 4520040.038 972.3 
1 501200.553 4520040.038 951 
1 504265.007 4519334.539 1100.1 
1 504265.007 4519334.539 1096 
1 504265.007 4519334.539 1093.3 
1 504265.007 4519334.539 1092.1 
1 504265.007 4519334.539 1086.7 
1 504265.007 4519334.539 1083.8 
1 504265.007 4519334.539 1081.4 
1 504265.007 4519334.539 1070.8 
1 504265.007 4519334.539 1066.1 
1 504265.007 4519334.539 1062.3 
1 504265.007 4519334.539 1058.7 
1 504265.007 4519334.539 1054.5 
1 504265.007 4519334.539 1053.3 
1 504265.007 4519334.539 1051.1 
1 504265.007 4519334.539 1043.5 
1 504265.007 4519334.539 1039.3 
1 504265.007 4519334.539 1023.9 
0 504265.007 4519334.539 1011.2 
0 504265.007 4519334.539 1008 
0 504265.007 4519334.539 1004.5 
0 504265.007 4519334.539 1001.8 
0 504265.007 4519334.539 996.4 
0 504265.007 4519334.539 992.9 
0 504265.007 4519334.539 964.5 
1 495614.898 4518844.153 1071.4 
1 495614.898 4518844.153 1069.9 
1 495614.898 4518844.153 1065.7 
1 495614.898 4518844.153 1064.1 
1 495614.898 4518844.153 1062.7 
1 495614.898 4518844.153 1060.3 
1 495614.898 4518844.153 1055.6 
1 495614.898 4518844.153 1050.4 
1 495614.898 4518844.153 1029.6 
1 495614.898 4518844.153 1029 
1 495614.898 4518844.153 1021.7 
1 495614.898 4518844.153 1007.2 
1 495614.898 4518844.153 982.4 
1 495614.898 4518844.153 977.8 
1 495614.898 4518844.153 964.6 
1 495614.898 4518844.153 962.6 
1 495614.898 4518844.153 959.2 
1 495614.898 4518844.153 956.3 
1 495614.898 4518844.153 952.5 
1 495614.898 4518844.153 950.8 
1 495614.898 4518844.153 926.2 
1 495614.898 4518844.153 910.5 
1 499228.073 4518629.04 1083 
1 499228.073 4518629.04 1079.2 
1 499228.073 4518629.04 1078.1 
1 499228.073 4518629.04 1075.8 
1 499228.073 4518629.04 1071 
1 499228.073 4518629.04 1066.7 
1 499228.073 4518629.04 1062.1 
1 499228.073 4518629.04 1051.4 
1 499228.073 4518629.04 1047.8 
1 499228.073 4518629.04 1045.4 
1 499228.073 4518629.04 1043.7 
1 499228.073 4518629.04 1041.3 
1 499228.073 4518629.04 1037.8 
1 499228.073 4518629.04 1035.7 
1 499228.073 4518629.04 1033.1 
1 499228.073 4518629.04 1031.7 
1 499228.073 4518629.04 1016.8 
1 499228.073 4518629.04 1001 
1 499228.073 4518629.04 996.4 
1 499228.073 4518629.04 957.7 
1 499228.073 4518629.04 936.3 
1 495696.933 4517347.475 1075.4 
1 495696.933 4517347.475 1063 
1 495696.933 4517347.475 1058.2 
1 495696.933 4517347.475 1055.9 
1 495696.933 4517347.475 1050.7 
1 495696.933 4517347.475 1049.1 
1 495696.933 4517347.475 1048.6 
1 495696.933 4517347.475 1044.9 
1 495696.933 4517347.475 1040.3 
1 495696.933 4517347.475 1038.2 
1 495696.933 4517347.475 1037 
1 495696.933 4517347.475 1031.3 
1 495696.933 4517347.475 1018.5 
1 495696.933 4517347.475 991 
1 495696.933 4517347.475 985.3 
1 495696.933 4517347.475 972.8 
1 495696.933 4517347.475 970.1 
1 495696.933 4517347.475 966 
1 495696.933 4517347.475 964.1 
1 495696.933 4517347.475 958.7 
1 495696.933 4517347.475 956.6 
1 495696.933 4517347.475 933.5 
1 495696.933 4517347.475 917 
1 498298.346 4516755.002 1089.5 
1 498298.346 4516755.002 1080.2 
1 498298.346 4516755.002 1078.9 
1 498298.346 4516755.002 1075.6 
1 498298.346 4516755.002 1068.2 
1 498298.346 4516755.002 1064.8 
1 498298.346 4516755.002 1059.6 
1 498298.346 4516755.002 1057.3 
1 498298.346 4516755.002 1054.5 
1 498298.346 4516755.002 1052.1 
1 498298.346 4516755.002 1045.4 
1 498298.346 4516755.002 1043.5 
1 498298.346 4516755.002 1026.2 
1 498298.346 4516755.002 1013.6 
1 498298.346 4516755.002 1006.4 
1 498298.346 4516755.002 1002.2 
1 498298.346 4516755.002 984.3 
2 498298.346 4516755.002 954.9 
0 502972.504 4517300.077 1100 
0 502972.504 4517300.077 1095.5 
0 502972.504 4517300.077 1093.2 
0 502972.504 4517300.077 1084.3 
1 502972.504 4517300.077 1074 
1 502972.504 4517300.077 1070.5 
1 502972.504 4517300.077 1067.5 
1 502972.504 4517300.077 1064.3 
1 502972.504 4517300.077 1058.6 
1 502972.504 4517300.077 1056.6 
1 502972.504 4517300.077 1048.3 
1 502972.504 4517300.077 1044.6 
1 502972.504 4517300.077 1030.8 
0 502972.504 4517300.077 1026.3 
0 502972.504 4517300.077 1015.5 
0 502972.504 4517300.077 1013.2 
0 502972.504 4517300.077 1009.5 
2 502972.504 4517300.077 996.7 
1 499064.003 4516306.545 1091.1 
1 499064.003 4516306.545 1089.8 
1 499064.003 4516306.545 1082.3 
1 499064.003 4516306.545 1076 
1 499064.003 4516306.545 1066.3 
1 499064.003 4516306.545 1063 
1 499064.003 4516306.545 1060.9 
1 499064.003 4516306.545 1059.6 
1 499064.003 4516306.545 1050.9 
1 499064.003 4516306.545 1048.3 
1 499064.003 4516306.545 1032.5 
1 499064.003 4516306.545 1012.2 
1 499064.003 4516306.545 1009 
1 499064.003 4516306.545 995.3 
2 499064.003 4516306.545 964.5 
0 501844.07 4516038.565 1098.4 
0 501844.07 4516038.565 1095.1 
0 501844.07 4516038.565 1090.6 
1 501844.07 4516038.565 1080.3 
1 501844.07 4516038.565 1079 
2 501844.07 4516038.565 1049.2 
0 504334.281 4516022.158 1104.4 
0 504334.281 4516022.158 1095.5 
0 504334.281 4516022.158 1084.7 
1 504334.281 4516022.158 1081.1 
2 504334.281 4516022.158 1040.8 
2 504334.281 4516022.158 1011.5 
1 496597.492 4514047.855 1086.2 
1 496597.492 4514047.855 1083 
1 496597.492 4514047.855 1076.2 
1 496597.492 4514047.855 1074.1 
1 496597.492 4514047.855 1070.9 
1 496597.492 4514047.855 1062.6 
1 496597.492 4514047.855 1057.2 
1 496597.492 4514047.855 1052.5 
1 496597.492 4514047.855 1049.3 
1 496597.492 4514047.855 1040 
1 496597.492 4514047.855 1036.2 
1 496597.492 4514047.855 1028.8 
1 496597.492 4514047.855 1011.5 
1 496597.492 4514047.855 1004.2 
2 496597.492 4514047.855 1002.2 
2 496597.492 4514047.855 969.8 
0 504469.182 4513850.971 1111.9 
0 504469.182 4513850.971 1094.1 
2 504469.182 4513850.971 1047.8 
2 504469.182 4513850.971 1024.2 
1 498465.881 4514635.675 1085.9 
1 498465.881 4514635.675 1083.8 
1 498465.881 4514635.675 1082.3 
1 498465.881 4514635.675 1080.6 
1 498465.881 4514635.675 1075.2 
1 498465.881 4514635.675 1074.1 
1 498465.881 4514635.675 1071.8 
1 498465.881 4514635.675 1068.3 
2 498465.881 4514635.675 1044.9 
2 498515.566 4512757.568 1080.3 
2 499708.015 4513741.338 1074.5 
2 500522.855 4514417.059 1083.9 
2 502146.851 4514358.473 1090.4 
2 501485.857 4513614.802 1104.3 
2 500821.932 4512848.11 1067.4 
2 502419.942 4513038.451 1075.4 