0 4527955.407000 500543.181000 986.300000
1 4526775.638000 498905.768000 1023.600000
0 4528235.419000 498023.074000 986.600000
1 4528505.923000 495560.744000 1016.000000
1 4521201.285000 503147.511000 1025.200000
1 4519334.539000 504265.007000 1053.300000
1 4527227.376000 502689.940000 1043.200000
1 4524089.638000 496017.051000 1044.800000
0 4527955.407000 500543.181000 1067.300000
1 4524089.638000 496017.051000 1025.000000
1 4514047.855000 496597.492000 1070.900000
1 4522470.090000 499215.312000 1061.700000
1 4520040.038000 501200.553000 1088.200000
1 4517347.475000 495696.933000 991.000000
1 4528235.419000 498023.074000 1028.300000
1 4524872.796000 496973.758000 1056.100000
1 4516306.545000 499064.003000 1050.900000
1 4523885.900000 503884.657000 1041.800000
1 4524872.796000 496973.758000 1057.100000
1 4524872.796000 496973.758000 1031.100000
1 4522180.233000 503023.548000 1037.900000
1 4524629.973000 500092.902000 1026.800000
1 4521339.833000 497700.404000 1036.500000
1 4524872.796000 496973.758000 1066.500000
1 4524872.796000 496973.758000 985.700000
1 4517347.475000 495696.933000 1075.400000
0 4524651.266000 504276.674000 1094.000000
1 4516306.545000 499064.003000 1089.800000
1 4524651.266000 504276.674000 1038.200000
0 4527227.376000 502689.940000 1010.600000
1 4521201.285000 503147.511000 1008.300000
1 4514047.855000 496597.492000 1074.100000
1 4514047.855000 496597.492000 1076.200000
0 4524629.973000 500092.902000 971.000000
1 4520289.788000 496205.548000 1066.700000
0 4527955.407000 500543.181000 948.500000
1 4526775.638000 498905.768000 1059.300000
0 4527227.376000 502689.940000 973.400000
0 4528235.419000 498023.074000 989.500000
1 4518629.040000 499228.073000 1016.800000
1 4518629.040000 499228.073000 1001.000000
0 4523885.900000 503884.657000 949.800000
1 4522470.090000 499215.312000 1064.000000
1 4521339.833000 497700.404000 1024.800000
1 4521201.285000 503147.511000 1055.700000
1 4524872.796000 496973.758000 1064.100000
1 4520040.038000 501200.553000 1003.500000
1 4523885.900000 503884.657000 1014.500000
1 4522512.018000 495636.774000 1055.600000
1 4518629.040000 499228.073000 1071.000000
1 4524872.796000 496973.758000 1025.000000
1 4527955.407000 500543.181000 1038.900000
1 4528235.419000 498023.074000 1020.400000
1 4521339.833000 497700.404000 1053.400000
1 4522470.090000 499215.312000 1041.300000
1 4524629.973000 500092.902000 1070.600000
1 4518844.153000 495614.898000 1069.900000
1 4527227.376000 502689.940000 1047.500000
1 4518629.040000 499228.073000 1037.800000
1 4524629.973000 500092.902000 1009.200000
1 4520289.788000 496205.548000 939.100000
1 4524089.638000 496017.051000 1026.800000
1 4527955.407000 500543.181000 1012.100000
1 4522512.018000 495636.774000 965.500000
0 4528505.923000 495560.744000 1051.500000
1 4518844.153000 495614.898000 959.200000
1 4521339.833000 497700.404000 989.400000
0 4524629.973000 500092.902000 975.300000
1 4528505.923000 495560.744000 998.100000
1 4517347.475000 495696.933000 1038.200000
1 4522180.233000 503023.548000 1050.500000
1 4528505.923000 495560.744000 1000.900000
0 4527227.376000 502689.940000 1079.000000
0 4523885.900000 503884.657000 993.300000
1 4518844.153000 495614.898000 956.300000
1 4516038.565000 501844.070000 1080.300000
1 4521201.285000 503147.511000 1038.000000
1 4522470.090000 499215.312000 1036.300000
1 4520289.788000 496205.548000 967.600000
1 4527227.376000 502689.940000 1049.800000
1 4517347.475000 495696.933000 964.100000
1 4522512.018000 495636.774000 1045.100000
1 4524872.796000 496973.758000 1018.300000
1 4522470.090000 499215.312000 1038.000000
0 4523885.900000 503884.657000 1071.200000
1 4517300.077000 502972.504000 1064.300000
0 4527227.376000 502689.940000 953.100000
1 4516755.002000 498298.346000 1026.200000
1 4523885.900000 503884.657000 1033.000000
1 4523885.900000 503884.657000 1039.300000
0 4527227.376000 502689.940000 1068.900000
0 4524872.796000 496973.758000 927.000000
0 4527227.376000 502689.940000 1080.600000
1 4524089.638000 496017.051000 1020.300000
1 4520040.038000 501200.553000 1007.600000
0 4528505.923000 495560.744000 914.200000
1 4517347.475000 495696.933000 933.500000
1 4517347.475000 495696.933000 958.700000
2 4513850.971000 504469.182000 1024.200000
0 4527955.407000 500543.181000 1055.100000
1 4522512.018000 495636.774000 923.100000
1 4524629.973000 500092.902000 993.500000
1 4517347.475000 495696.933000 1044.900000
1 4520289.788000 496205.548000 1018.000000
1 4526775.638000 498905.768000 997.800000
0 4513850.971000 504469.182000 1111.900000
1 4522470.090000 499215.312000 1013.300000
1 4518844.153000 495614.898000 962.600000
1 4526775.638000 498905.768000 1062.800000
0 4523885.900000 503884.657000 1072.700000
0 4527227.376000 502689.940000 1055.400000
0 4519334.539000 504265.007000 1011.200000
2 4513038.451000 502419.942000 1075.400000
1 4518844.153000 495614.898000 950.800000
1 4524651.266000 504276.674000 1066.700000
1 4518844.153000 495614.898000 977.800000
1 4517347.475000 495696.933000 917.000000
1 4519334.539000 504265.007000 1081.400000
1 4518844.153000 495614.898000 982.400000
1 4521201.285000 503147.511000 951.000000
1 4521201.285000 503147.511000 1072.300000
1 4518844.153000 495614.898000 926.200000
0 4523885.900000 503884.657000 1087.800000
1 4521339.833000 497700.404000 1071.900000
0 4528235.419000 498023.074000 1040.500000
