1 4520289.788000 496205.548000 1067.900000
1 4522512.018000 495636.774000 969.300000
1 4520289.788000 496205.548000 971.300000
1 4522512.018000 495636.774000 1061.600000
0 4516038.565000 501844.070000 1090.600000
1 4520289.788000 496205.548000 1048.500000
1 4522512.018000 495636.774000 1021.400000
1 4519334.539000 504265.007000 1039.300000
1 4524089.638000 496017.051000 1002.200000
1 4522180.233000 503023.548000 1001.100000
0 4519334.539000 504265.007000 1008.000000
0 4524651.266000 504276.674000 999.600000
1 4520040.038000 501200.553000 1073.300000
1 4514635.675000 498465.881000 1080.600000
1 4522180.233000 503023.548000 1080.200000
1 4527955.407000 500543.181000 1035.600000
1 4524872.796000 496973.758000 1003.300000
0 4519334.539000 504265.007000 996.400000
1 4523885.900000 503884.657000 1050.600000
1 4518844.153000 495614.898000 964.600000
1 4516755.002000 498298.346000 1054.500000
1 4523885.900000 503884.657000 1060.800000
1 4518629.040000 499228.073000 1035.700000
1 4522180.233000 503023.548000 1046.600000
1 4517347.475000 495696.933000 1049.100000
1 4516306.545000 499064.003000 1060.900000
1 4517347.475000 495696.933000 985.300000
1 4520040.038000 501200.553000 1011.400000
0 4523885.900000 503884.657000 1002.900000
1 4521339.833000 497700.404000 1049.700000
1 4522180.233000 503023.548000 1026.200000
1 4518629.040000 499228.073000 1078.100000
1 4516306.545000 499064.003000 1082.300000
0 4528235.419000 498023.074000 968.300000
1 4518844.153000 495614.898000 1055.600000
1 4519334.539000 504265.007000 1096.000000
1 4521201.285000 503147.511000 1087.000000
1 4514047.855000 496597.492000 1057.200000
1 4522180.233000 503023.548000 1047.700000
1 4518844.153000 495614.898000 1007.200000
1 4528505.923000 495560.744000 1025.300000
0 4523885.900000 503884.657000 964.800000
1 4518844.153000 495614.898000 952.500000
0 4523885.900000 503884.657000 990.100000
1 4514047.855000 496597.492000 1040.000000
2 4513850.971000 504469.182000 1047.800000
1 4521339.833000 497700.404000 981.200000
1 4516755.002000 498298.346000 1059.600000
0 4519334.539000 504265.007000 992.900000
0 4516022.158000 504334.281000 1084.700000
1 4521339.833000 497700.404000 985.500000
0 4517300.077000 502972.504000 1093.200000
1 4520040.038000 501200.553000 1026.600000
1 4520289.788000 496205.548000 977.100000
1 4522470.090000 499215.312000 1024.100000
1 4518629.040000 499228.073000 1083.000000
1 4520289.788000 496205.548000 1005.400000
1 4520289.788000 496205.548000 1049.900000
0 4523885.900000 503884.657000 1085.400000
0 4527955.407000 500543.181000 1064.900000
1 4517347.475000 495696.933000 1050.700000
1 4520289.788000 496205.548000 1020.900000
1 4522180.233000 503023.548000 1021.400000
0 4527227.376000 502689.940000 1071.300000
1 4522180.233000 503023.548000 948.200000
1 4514047.855000 496597.492000 1011.500000
1 4520040.038000 501200.553000 1030.200000
2 4512848.110000 500821.932000 1067.400000
0 4524651.266000 504276.674000 1085.600000
1 4520289.788000 496205.548000 982.500000
0 4527227.376000 502689.940000 1076.900000
1 4514047.855000 496597.492000 1036.200000
1 4524089.638000 496017.051000 1061.000000
1 4521339.833000 497700.404000 1008.500000
1 4517347.475000 495696.933000 1037.000000
0 4528505.923000 495560.744000 971.600000
1 4524651.266000 504276.674000 1056.200000
1 4524651.266000 504276.674000 1034.500000
2 4514417.059000 500522.855000 1083.900000
1 4524629.973000 500092.902000 1058.500000
1 4521339.833000 497700.404000 1031.100000
1 4516755.002000 498298.346000 1006.400000
1 4514047.855000 496597.492000 1086.200000
0 4527227.376000 502689.940000 1073.300000
1 4524872.796000 496973.758000 1061.800000
1 4526775.638000 498905.768000 1028.500000
1 4524089.638000 496017.051000 1015.500000
1 4516306.545000 499064.003000 1091.100000
1 4516306.545000 499064.003000 1009.000000
1 4518629.040000 499228.073000 1047.800000
1 4526775.638000 498905.768000 1006.100000
1 4517300.077000 502972.504000 1044.600000
0 4528505.923000 495560.744000 1054.900000
1 4519334.539000 504265.007000 1043.500000
1 4521339.833000 497700.404000 1062.900000
1 4528505.923000 495560.744000 1012.300000
1 4524629.973000 500092.902000 1044.500000
1 4518629.040000 499228.073000 1033.100000
1 4524629.973000 500092.902000 1055.300000
1 4522180.233000 503023.548000 971.700000
1 4527227.376000 502689.940000 1039.800000
1 4517347.475000 495696.933000 1031.300000
1 4524629.973000 500092.902000 1064.300000
0 4528505.923000 495560.744000 953.000000
2 4514358.473000 502146.851000 1090.400000
1 4526775.638000 498905.768000 1033.200000
1 4522180.233000 503023.548000 1005.300000
0 4524872.796000 496973.758000 931.300000
0 4524651.266000 504276.674000 1076.400000
1 4520040.038000 501200.553000 1047.700000
1 4520040.038000 501200.553000 1059.400000
1 4522470.090000 499215.312000 940.400000
1 4522470.090000 499215.312000 1010.900000
1 4519334.539000 504265.007000 1062.300000
1 4517300.077000 502972.504000 1030.800000
1 4518629.040000 499228.073000 996.400000
1 4522470.090000 499215.312000 1074.700000
1 4522180.233000 503023.548000 999.000000
1 4517347.475000 495696.933000 956.600000
0 4524629.973000 500092.902000 979.800000
0 4526775.638000 498905.768000 935.600000
1 4518844.153000 495614.898000 1071.400000
1 4521339.833000 497700.404000 987.100000
1 4522512.018000 495636.774000 1059.300000
0 4528505.923000 495560.744000 1032.300000
1 4516038.565000 501844.070000 1079.000000
0 4519334.539000 504265.007000 1004.500000
1 4523885.900000 503884.657000 1028.700000
1 4521201.285000 503147.511000 1049.300000
1 4514047.855000 496597.492000 1083.000000
1 4521339.833000 497700.404000 1070.400000
1 4516755.002000 498298.346000 1057.300000
1 4518629.040000 499228.073000 1045.400000
1 4522512.018000 495636.774000 1015.700000
1 4526775.638000 498905.768000 987.300000
1 4516755.002000 498298.346000 1002.200000
1 4522470.090000 499215.312000 1058.000000
1 4518629.040000 499228.073000 1079.200000
1 4521201.285000 503147.511000 1079.200000
1 4521339.833000 497700.404000 976.900000
0 4526775.638000 498905.768000 923.300000
1 4524629.973000 500092.902000 1046.600000
1 4520040.038000 501200.553000 951.000000
1 4517300.077000 502972.504000 1067.500000
1 4524872.796000 496973.758000 1051.800000
0 4524651.266000 504276.674000 955.600000
1 4520040.038000 501200.553000 1052.500000
0 4516038.565000 501844.070000 1098.400000
1 4522512.018000 495636.774000 973.000000
1 4514635.675000 498465.881000 1085.900000
1 4517347.475000 495696.933000 1063.000000
1 4517347.475000 495696.933000 1058.200000
1 4524651.266000 504276.674000 1044.000000
0 4516022.158000 504334.281000 1095.500000
0 4524651.266000 504276.674000 1009.000000
1 4528235.419000 498023.074000 1031.800000
1 4519334.539000 504265.007000 1100.100000
1 4522470.090000 499215.312000 1033.100000
1 4518629.040000 499228.073000 957.700000
0 4517300.077000 502972.504000 1026.300000
1 4517300.077000 502972.504000 1058.600000
1 4522180.233000 503023.548000 1083.900000
1 4524629.973000 500092.902000 1032.400000
1 4518844.153000 495614.898000 1062.700000
1 4516755.002000 498298.346000 984.300000
0 4524651.266000 504276.674000 1078.900000
1 4520289.788000 496205.548000 1058.400000
0 4523885.900000 503884.657000 1068.900000
1 4528235.419000 498023.074000 1035.100000
1 4523885.900000 503884.657000 1053.000000
0 4524629.973000 500092.902000 942.700000
0 4524651.266000 504276.674000 1010.100000
0 4527955.407000 500543.181000 1006.600000
1 4527955.407000 500543.181000 1047.600000
1 4528505.923000 495560.744000 1023.200000
1 4522180.233000 503023.548000 1069.400000
1 4521339.833000 497700.404000 1005.200000
1 4517347.475000 495696.933000 1055.900000
1 4524629.973000 500092.902000 1060.900000
0 4527955.407000 500543.181000 1077.100000
1 4517300.077000 502972.504000 1074.000000
1 4524629.973000 500092.902000 1036.100000
1 4516755.002000 498298.346000 1052.100000
1 4526775.638000 498905.768000 1018.200000
1 4516755.002000 498298.346000 1068.200000
1 4514047.855000 496597.492000 1062.600000
1 4527227.376000 502689.940000 1053.500000
1 4522180.233000 503023.548000 1075.300000
0 4528235.419000 498023.074000 1060.700000
1 4521201.285000 503147.511000 1041.000000
1 4516306.545000 499064.003000 1076.000000
1 4523885.900000 503884.657000 1047.600000
1 4519334.539000 504265.007000 1066.100000
1 4524872.796000 496973.758000 1046.800000
0 4517300.077000 502972.504000 1015.500000
1 4522180.233000 503023.548000 1035.000000
1 4526775.638000 498905.768000 1050.300000
1 4517300.077000 502972.504000 1070.500000
0 4516038.565000 501844.070000 1095.100000
0 4524629.973000 500092.902000 934.300000
1 4524089.638000 496017.051000 976.300000
1 4521339.833000 497700.404000 1059.200000
1 4514635.675000 498465.881000 1068.300000
1 4518629.040000 499228.073000 1043.700000
1 4524629.973000 500092.902000 1068.900000
1 4516755.002000 498298.346000 1089.500000
1 4522180.233000 503023.548000 1053.900000
0 4519334.539000 504265.007000 1001.800000
0 4523885.900000 503884.657000 953.200000
1 4516306.545000 499064.003000 1032.500000
1 4522470.090000 499215.312000 1028.300000
0 4523885.900000 503884.657000 991.400000
1 4522470.090000 499215.312000 994.600000
1 4514047.855000 496597.492000 1028.800000
0 4517300.077000 502972.504000 1084.300000
2 4516755.002000 498298.346000 954.900000
2 4512757.568000 498515.566000 1080.300000
0 4527955.407000 500543.181000 1071.800000
1 4520040.038000 501200.553000 1056.100000
1 4521201.285000 503147.511000 1050.300000
1 4522512.018000 495636.774000 1010.300000
1 4521339.833000 497700.404000 1020.200000
0 4523885.900000 503884.657000 1091.500000
1 4521201.285000 503147.511000 1029.700000
1 4524872.796000 496973.758000 1021.100000
1 4520289.788000 496205.548000 1055.000000
2 4514047.855000 496597.492000 969.800000
1 4518629.040000 499228.073000 1051.400000
0 4527955.407000 500543.181000 939.800000
1 4526775.638000 498905.768000 1060.400000
1 4520040.038000 501200.553000 1051.100000
0 4523885.900000 503884.657000 1090.000000
1 4519334.539000 504265.007000 1051.100000
1 4524651.266000 504276.674000 1048.200000
1 4528235.419000 498023.074000 1024.200000
1 4519334.539000 504265.007000 1083.800000
1 4521339.833000 497700.404000 1068.000000
1 4522512.018000 495636.774000 995.400000
1 4524651.266000 504276.674000 1021.300000
0 4528235.419000 498023.074000 1044.700000
1 4521201.285000 503147.511000 970.300000
0 4524651.266000 504276.674000 1073.700000
1 4526775.638000 498905.768000 1053.100000
1 4516306.545000 499064.003000 1048.300000
1 4516755.002000 498298.346000 1078.900000
0 4527955.407000 500543.181000 1070.500000
0 4517300.077000 502972.504000 1095.500000
0 4528235.419000 498023.074000 1058.500000
1 4524089.638000 496017.051000 1017.100000
1 4518844.153000 495614.898000 1029.000000
1 4524651.266000 504276.674000 1064.300000
1 4522470.090000 499215.312000 989.700000
0 4527955.407000 500543.181000 1008.900000
1 4520289.788000 496205.548000 986.000000
0 4527227.376000 502689.940000 1065.800000
1 4521201.285000 503147.511000 1000.600000
0 4528235.419000 498023.074000 956.000000
0 4526775.638000 498905.768000 963.000000
1 4528505.923000 495560.744000 1007.000000
1 4527227.376000 502689.940000 1028.700000
1 4524089.638000 496017.051000 974.500000
0 4523885.900000 503884.657000 1075.300000
1 4526775.638000 498905.768000 1040.900000
0 4526775.638000 498905.768000 970.300000
1 4520040.038000 501200.553000 1077.100000
1 4522470.090000 499215.312000 1026.500000
0 4524629.973000 500092.902000 973.700000
1 4514635.675000 498465.881000 1071.800000
1 4514635.675000 498465.881000 1083.800000
1 4522512.018000 495636.774000 1008.900000
0 4527227.376000 502689.940000 985.500000
1 4514047.855000 496597.492000 1049.300000
2 4514635.675000 498465.881000 1044.900000
1 4519334.539000 504265.007000 1093.300000
1 4524089.638000 496017.051000 1062.800000
1 4514635.675000 498465.881000 1082.300000
1 4522470.090000 499215.312000 1072.600000
1 4518844.153000 495614.898000 1021.700000
1 4516306.545000 499064.003000 995.300000
1 4522470.090000 499215.312000 1034.200000
1 4528505.923000 495560.744000 979.200000
0 4519334.539000 504265.007000 964.500000
1 4524651.266000 504276.674000 1067.900000
0 4524872.796000 496973.758000 965.200000
1 4514047.855000 496597.492000 1004.200000
1 4520289.788000 496205.548000 1020.300000
0 4528235.419000 498023.074000 933.600000
1 4518629.040000 499228.073000 1062.100000
1 4522470.090000 499215.312000 954.100000
0 4528235.419000 498023.074000 926.100000
1 4516022.158000 504334.281000 1081.100000
1 4519334.539000 504265.007000 1092.100000
1 4523885.900000 503884.657000 1057.800000
1 4524089.638000 496017.051000 1048.300000
0 4523885.900000 503884.657000 1066.100000
1 4526775.638000 498905.768000 1044.100000
1 4524089.638000 496017.051000 967.000000
0 4528505.923000 495560.744000 935.600000
1 4520040.038000 501200.553000 1042.300000
1 4518844.153000 495614.898000 910.500000
1 4524872.796000 496973.758000 1049.600000
1 4528235.419000 498023.074000 1011.700000
1 4517347.475000 495696.933000 966.000000
1 4523885.900000 503884.657000 1062.700000
0 4513850.971000 504469.182000 1094.100000
2 4513741.338000 499708.015000 1074.500000
1 4522180.233000 503023.548000 1073.300000
1 4520040.038000 501200.553000 1085.300000
0 4523885.900000 503884.657000 1080.700000
1 4520289.788000 496205.548000 1063.200000
1 4524629.973000 500092.902000 1014.000000
1 4526775.638000 498905.768000 1026.400000
1 4524872.796000 496973.758000 1029.300000
1 4518844.153000 495614.898000 1064.100000
1 4527227.376000 502689.940000 1033.500000
0 4517300.077000 502972.504000 1100.000000
1 4518844.153000 495614.898000 1060.300000
2 4516038.565000 501844.070000 1049.200000
1 4518629.040000 499228.073000 1041.300000
1 4526775.638000 498905.768000 1005.000000
1 4524629.973000 500092.902000 1012.700000
1 4520289.788000 496205.548000 1056.300000
1 4520289.788000 496205.548000 925.500000
2 4517300.077000 502972.504000 996.700000
0 4528505.923000 495560.744000 974.500000
1 4528235.419000 498023.074000 1038.500000
0 4517300.077000 502972.504000 1009.500000
1 4524089.638000 496017.051000 938.600000
1 4518844.153000 495614.898000 1050.400000
1 4522470.090000 499215.312000 1065.200000
1 4526775.638000 498905.768000 1057.200000
1 4514635.675000 498465.881000 1074.100000
0 4524651.266000 504276.674000 1070.300000
0 4528235.419000 498023.074000 1066.500000
1 4516306.545000 499064.003000 1012.200000
1 4524629.973000 500092.902000 1071.900000
1 4521201.285000 503147.511000 1076.900000
1 4516306.545000 499064.003000 1059.600000
1 4527955.407000 500543.181000 1042.600000
1 4516306.545000 499064.003000 1066.300000
1 4520040.038000 501200.553000 972.300000
1 4518629.040000 499228.073000 1066.700000
1 4519334.539000 504265.007000 1086.700000
1 4522180.233000 503023.548000 1043.600000
0 4527227.376000 502689.940000 1061.000000
1 4528235.419000 498023.074000 1014.900000
1 4526775.638000 498905.768000 1002.500000
0 4526775.638000 498905.768000 966.500000
2 4516306.545000 499064.003000 964.500000
0 4527227.376000 502689.940000 986.700000
1 4527227.376000 502689.940000 1050.900000
2 4516022.158000 504334.281000 1011.500000
1 4527955.407000 500543.181000 1026.400000
1 4522512.018000 495636.774000 1024.000000
1 4522470.090000 499215.312000 1069.900000
2 4513614.802000 501485.857000 1104.300000
1 4517347.475000 495696.933000 1018.500000
1 4518844.153000 495614.898000 1029.600000
0 4524651.266000 504276.674000 973.200000
1 4516755.002000 498298.346000 1064.800000
1 4527227.376000 502689.940000 1013.000000
0 4526775.638000 498905.768000 975.400000
1 4522512.018000 495636.774000 1039.300000
1 4524089.638000 496017.051000 1058.100000
1 4528505.923000 495560.744000 1019.000000
1 4524651.266000 504276.674000 1053.500000
1 4518629.040000 499228.073000 936.300000
0 4524651.266000 504276.674000 1088.800000
1 4524089.638000 496017.051000 969.700000
1 4524872.796000 496973.758000 1006.800000
1 4521339.833000 497700.404000 1023.400000
1 4524089.638000 496017.051000 1041.900000
1 4526775.638000 498905.768000 1037.500000
1 4528235.419000 498023.074000 1017.300000
1 4521339.833000 497700.404000 931.900000
1 4517300.077000 502972.504000 1048.300000
1 4516306.545000 499064.003000 1063.000000
1 4521339.833000 497700.404000 1032.900000
1 4524872.796000 496973.758000 1004.500000
1 4522512.018000 495636.774000 935.400000
1 4527955.407000 500543.181000 1029.900000
1 4518629.040000 499228.073000 1075.800000
1 4521201.285000 503147.511000 1059.400000
1 4524651.266000 504276.674000 1060.000000
1 4524872.796000 496973.758000 1027.800000
0 4526775.638000 498905.768000 965.400000
1 4522512.018000 495636.774000 1042.500000
1 4522470.090000 499215.312000 991.800000
1 4518844.153000 495614.898000 1065.700000
0 4517300.077000 502972.504000 1013.200000
1 4517347.475000 495696.933000 1048.600000
1 4528235.419000 498023.074000 993.400000
1 4519334.539000 504265.007000 1054.500000
2 4514047.855000 496597.492000 1002.200000
0 4516022.158000 504334.281000 1104.400000
1 4524089.638000 496017.051000 923.000000
1 4524872.796000 496973.758000 1032.200000
0 4524651.266000 504276.674000 960.400000
1 4526775.638000 498905.768000 1013.700000
1 4516755.002000 498298.346000 1080.200000
0 4528505.923000 495560.744000 1027.700000
1 4526775.638000 498905.768000 1015.900000
1 4524629.973000 500092.902000 1040.900000
1 4520040.038000 501200.553000 1039.100000
0 4527227.376000 502689.940000 943.400000
1 4528505.923000 495560.744000 1004.600000
1 4521201.285000 503147.511000 1046.200000
1 4524872.796000 496973.758000 968.600000
2 4516022.158000 504334.281000 1040.800000
1 4520040.038000 501200.553000 1079.600000
1 4516755.002000 498298.346000 1013.600000
0 4524651.266000 504276.674000 1013.000000
1 4524089.638000 496017.051000 1014.300000
1 4517347.475000 495696.933000 1040.300000
1 4522512.018000 495636.774000 973.800000
1 4521201.285000 503147.511000 1083.700000
0 4524651.266000 504276.674000 996.300000
1 4517300.077000 502972.504000 1056.600000
1 4526775.638000 498905.768000 1048.200000
1 4521201.285000 503147.511000 1004.300000
1 4524629.973000 500092.902000 1038.700000
1 4519334.539000 504265.007000 1070.800000
1 4514047.855000 496597.492000 1052.500000
1 4516755.002000 498298.346000 1043.500000
1 4517347.475000 495696.933000 972.800000
1 4524872.796000 496973.758000 1053.200000
1 4521201.285000 503147.511000 1051.600000
1 4524089.638000 496017.051000 1023.600000
1 4516755.002000 498298.346000 1075.600000
1 4519334.539000 504265.007000 1058.700000
1 4522180.233000 503023.548000 1056.900000
1 4524872.796000 496973.758000 972.900000
0 4528505.923000 495560.744000 1046.500000
1 4527955.407000 500543.181000 1046.600000
1 4516755.002000 498298.346000 1045.400000
1 4521339.833000 497700.404000 947.200000
1 4524629.973000 500092.902000 1028.100000
1 4518629.040000 499228.073000 1031.700000
0 4527227.376000 502689.940000 1006.900000
0 4527955.407000 500543.181000 1050.200000
0 4523885.900000 503884.657000 1004.500000
1 4520289.788000 496205.548000 1047.700000
1 4520289.788000 496205.548000 1052.200000
1 4522470.090000 499215.312000 1053.600000
0 4523885.900000 503884.657000 1000.600000
1 4519334.539000 504265.007000 1023.900000
0 4527955.407000 500543.181000 976.000000
1 4527227.376000 502689.940000 1052.200000
1 4514635.675000 498465.881000 1075.200000
1 4517347.475000 495696.933000 970.100000
